function [distance, species] = HW03_FEAToolExport()
%HW03_FEATOOLEXPORT

distance = [ ...
0.008441230630809704,0.025556464724233674,0.043107720392905560, ...
0.060310814599351950,0.077381235831301240,0.095859100404872440, ...
0.112931539476738120,0.130538117589781950,0.148569787311860500, ...
0.165686955168537540,0.183198274422199270,0.200709593675860940, ...
0.218220912929522670,0.235732232183184400,0.252826615264139850, ...
0.270758065603708700,0.288940636120861350,0.306748123828238630, ...
0.324138675362909470,0.341083149753416200,0.359037384868706700, ...
0.379464277280694800,0.394072769398168000,0.411547986132660600, ...
0.429314259459747270,0.446876983185276630,0.464479441541824900, ...
0.482070564385901960,0.498808111271266200,0.516804721024799000, ...
0.534713386588646200,0.551637168228638500,0.569042056318087400, ...
0.586989935237641300,0.604253329226919900,0.621891806025974200, ...
0.639697696276750700,0.657212210443613300,0.674238767396676300, ...
0.691949862693424200,0.710343818757142300,0.727946277113690400, ...
0.744910341366718000,0.763675664051699100,0.781232552856804000, ...
0.798703094928823900,0.816218293719943800,0.833732655748082400, ...
0.851330344155272600,0.868844858322135300,0.886495526237350400, ...
0.903455353026553700,0.921430254185653600,0.938684601525974000, ...
0.956192725866434900,0.973145261725234700,0.990921852742599400  ...
];

species = [ ...
1.0000000000000002,1.0000000000000007,1.0000000000000007, ...
1.0000000000000009,1.0000000000000010,1.0000000000000009, ...
1.0000000000000009,1.0000000000000009,1.0000000000000009, ...
1.0000000000000007,1.0000000000000007,1.0000000000000007, ...
1.0000000000000007,1.0000000000000007,1.0000000000000007, ...
1.0000000000000004,0.9999999999999999,0.9999999999999994, ...
0.9999999999999989,0.9999999999999984,0.9999999999999980, ...
0.9999999999999976,0.9999999999999973,0.9999999999999967, ...
0.9999999999999961,0.9999999999999958,0.9999999999999953, ...
0.9999999999999948,0.9999999999999944,0.9999999999999941, ...
0.9999999999999939,0.9999999999999934,0.9999999999999929, ...
0.9999999999999925,0.9999999999999921,0.9999999999999919, ...
0.9999999999999916,0.9999999999999912,0.9999999999999909, ...
0.9999999999999905,0.9999999999999899,0.9999999999999895, ...
0.9999999999999893,0.9999999999999890,0.9999999999999888, ...
0.9999999999999885,0.9999999999999880,0.9999999999999876, ...
0.9999999999999872,0.9999999999999869,0.9999999999999866, ...
0.9999999999999863,0.9999999999999858,0.9999999999999858, ...
0.9999999999999861,0.9999999999999866,0.9999999999999871  ...
];

end

